document_0 6 26 27 31 33 63 67 75 96 142 144 185 199 208 274 308 337 351 387 408 423 480 565 580 593 598 613 641 643 644 657 717 727 764 827 1027 1281 1340 1395 1433 1502 1506 1558 1598 1726 1836 1943 2433 2646 2731 2771 3553 3589
document_1 179 199 408 587 1990 2134 3005
document_2 6 17 26 27 28 63 72 83 88 102 142 155 172 179 199 204 306 308 337 357 437 475 538 539 587 598 755 808 823 871 1990 2026 2134 2736 2804 2975 3005 3813 3835 5570
document_3 6 26 27 33 67 142 172 204 308 437 455 473 480 546 764 808 882 1710 2976 5954 7029 7836 8399
document_4 6 11 15 26 28 29 30 48 63 75 80 81 83 106 142 179 216 227 229 243 284 345 384 414 437 455 505 507 557 689 710 967 1043 1055 1057 1081 1788 2423 4488
document_5 6 31 60 68 204 252 5580 5956
document_6 6 18 26 27 28 31 37 51 60 63 67 68 75 84 92 103 107 142 159 172 185 192 194 204 211 213 232 239 252 284 286 287 345 363 375 415 426 427 441 477 485 502 505 538 553 571 593 594 613 633 643 742 772 834 856 986 1126 1149 1242 1776 1924 1972 2020 2161 2163 2756 3307 3469 4335 5149 5580 5956 7828
document_7 6 26 27 29 33 64 72 83 94 100 142 179 199 204 205 206 308 331 402 434 437 455 483 574 609 724 883 963 987 1102 1149 1230 1248 1380 1990 2026 2134 2736 2804 2943 3005 3241 3813 3814
document_8 6 15 28 29 40 63 74 75 96 103 142 159 162 180 204 229 308 455 475 574 626 834 896 965 1031 1057 2503 2886 2974 3079 4281 5122 5845 7126 7127
document_9 6 15 28 29 40 63 74 75 96 103 142 159 162 180 204 229 255 308 455 475 574 626 834 896 965 1031 1057 2503 2886 2974 3079 4281 5122 5845 7126 7127
document_10 31 174 232 389 506 719 1228 2344 2402
document_11 6 15 26 29 63 67 68 142 153 186 204 242 411 496 643 764 808 827 834 858 1005 1359 1731 2833 3236 4525 5918 6225
document_12 26 28 63 142 158 204 513 719 6495
document_13 26 27 60 80 142 153 726 1174
document_14 6 15 26 29 31 67 68 85 142 153 174 256 275 373 389 505 506 507 713 719 800 808 1058 1228 1500 1604 1643 1786 2055 2303 2344 2402 4839 5880
document_15 6 12 27 29 31 37 42 63 75 83 88 108 142 205 229 231 242 259 317 339 363 408 506 586 601 688 697 847 897 1264 1388 1407 2152 2892 3785 4535
document_16 6 15 26 27 28 29 63 64 75 80 94 97 134 142 150 176 178 179 192 198 205 226 325 363 387 485 546 561 742 823 966 997 1433 1511 1880 2103
document_17 111 186 229 426 586 800 3046 3266
document_18 6 15 26 27 28 29 37 63 68 75 94 97 134 142 176 185 192 198 199 204 226 255 265 317 322 323 351 387 389 394 436 485 549 594 613 742 747 808 823 856 965 1014 1036 1126 1175 1471 1548 1568 1625 1897 2723 4501
document_19 6 15 26 27 31 63 67 83 100 102 134 142 153 154 159 172 174 176 179 180 192 256 281 310 320 327 345 405 507 541 561 574 593 631 686 755 808 987 1122 1289 1305 1557 1689 1731 2017 2280 2975 3057 4387 4810 4841 4903 7826 7930 8626 8700 8855
document_20 6 26 28 29 31 63 96 102 134 142 144 199 216 255 275 345 355 382 408 426 457 465 513 561 574 755 799 952 1017 1159 1359 2163 2306 3719 3905 3929 4176 7592 7907 8259
document_21 6 29 31 63 68 75 80 142 172 174 200 229 255 306 383 404 411 515 610 625 952 1064 1322 1330 1576 1829 1955 2642 2796 2852 2879 3089 3335 4050 4535 6319
document_22 6 15 26 27 31 60 67 68 142 153 154 174 232 465 549 574 764 801 808 858 1174 1424 1557 2010 3366 4459 4474 5440 8419
document_23 6 26 28 31 63 67 92 102 142 159 220 287 373 502 1013 1159 1418
document_24 6 15 29 31 41 63 74 75 81 88 134 142 144 161 166 171 176 179 186 190 199 205 229 242 243 307 313 318 320 346 347 355 373 398 408 462 472 475 485 506 508 510 513 515 557 586 609 613 655 720 743 758 792 823 827 952 966 1020 1027 1138 1225 1314 1380 1504 1751 1776 1792 1817 1917 1949 2424 2642 3046 3266 3374 3785 3884 6267 7829 8310 8311
document_25 6 15 26 27 28 29 31 60 63 67 68 75 80 81 88 96 102 103 106 107 134 142 150 153 154 158 176 192 199 255 279 306 308 319 345 355 387 405 455 473 478 513 530 571 593 613 644 719 737 757 799 808 829 856 933 987 1149 1269 1411 1472 1476 1511 2010 2824 3653 3704 4187 5736 6367 6495 8834
document_26 186 252 527 586 965 1038 1543 1704 9210
document_27 6 29 31 63 68 75 80 142 172 174 200 229 255 306 383 404 411 515 610 625 952 1064 1322 1330 1576 1829 1955 2642 2796 2852 2879 3089 3335 4050 4535 6319
document_28 6 26 27 29 37 41 59 60 63 65 67 75 88 94 97 102 132 134 142 153 176 178 186 198 204 215 226 252 265 278 284 308 314 317 337 351 355 365 387 394 408 411 423 426 442 527 528 538 539 586 641 713 727 732 757 767 794 800 808 965 1015 1038 1046 1126 1229 1244 1377 1432 1880 1924 2280 2736 2804 3944 8887 9210
document_29 6 26 27 28 29 31 37 68 83 88 139 142 144 145 172 176 185 186 198 204 229 252 256 308 322 323 355 365 377 382 389 404 408 429 448 510 543 571 575 576 586 608 640 647 653 693 719 744 827 880 895 930 987 1057 1192 1236 1245 1291 1380 1472 1598 1636 1912 2264 2393 2415 2783 2792 2844 3496 3699 3882 3920 4246 4534 5560 7012 7100 7592
document_30 6 12 26 27 28 29 31 37 63 64 75 80 97 132 134 142 176 186 190 192 204 218 265 284 322 337 351 363 387 506 594 613 717 764 806 808 834 895 965 994 1046 1113 1243 1664 1954 2160 2736 2804 3052 3243 3950 4500 8199
document_31 6 28 29 31 49 60 63 75 80 96 142 179 204 240 312 341 391 405 408 413 455 478 480 507 546 565 737 984 1033 1059 1149 1192 1232 1248 1359 1665 2017 2223 3945 4177 5406 8157 8218 8233 8778
document_32 27 65 111 142 204 322 389 506 515 740 4784 6813
document_33 6 15 28 40 63 74 75 96 103 142 159 180 229 255 308 363 455 475 574 626 834 896 965 1031 2503 2886 2974 3079 7126 7127
document_34 6 28 29 41 63 75 80 122 142 265 317 472 719 995 1245 1534 1910 1955 2369 4234 7374 7861
document_35 6 31 81 142 199 205 229 308 327 355 394 528 574 671 808 819 1003 1700 1709 2195 2873 3050 3185 7003
document_36 6 15 29 63 75 80 83 96 142 172 243 306 355 473 496 1273 1298 1527 1700 1949 2033 2161 2542 3087 3185 4660
document_37 6 15 26 27 28 29 37 63 64 75 88 94 96 97 134 142 174 176 185 186 198 204 220 226 232 255 265 308 317 322 323 373 389 394 404 405 430 473 502 506 507 508 515 561 740 772 774 799 800 808 834 909 987 1192 1380 1446 1731 1954 2376 2694 3493 3904 3929 4740 4784 5369
document_38 63 75 80 142 583 784 8379 9778
document_39 6 26 29 31 41 60 63 67 68 81 96 142 153 176 192 306 345 355 404 414 453 473 477 505 510 547 561 1675 1711 1785 1980 2254
document_40 6 15 29 37 63 75 80 142 145 158 179 205 228 229 256 299 341 351 423 437 507 521 546 560 583 586 647 676 784 903 1251 1379 1598 1947 2001 2095 2137 2682 3836 4164 4400 4900 7804 8320 8379 9778
document_41 6 15 60 176 180 229 337 345 457 496 499 513 571 574 908 930 960 2970 3691 4771
document_42 6 15 26 27 29 37 41 42 63 67 75 83 88 92 94 96 102 134 138 142 153 158 174 176 180 199 205 227 255 284 306 312 323 351 375 387 404 405 408 411 413 475 480 500 502 527 538 557 587 603 643 644 709 737 757 781 799 808 823 824 1050 1080 1154 1155 1216 1229 1274 1292 1296 1305 1410 1614 1625 2114 2246 2306 2646 3170 3184 3738 3930 4450 4784 4787 5096 5106 5795 6141 6754 8033 8784
document_43 15 37 111 1347 1815 3170 5086
document_44 6 15 26 27 28 29 63 64 83 86 94 97 134 142 176 178 192 198 199 203 226 308 387 402 436 485 575 582 609 757 808 994 1243 2548 2783 2798 2799 2833 3900 5975
document_45 6 15 29 37 48 88 138 204 208 252 275 286 287 292 331 373 382 408 475 490 502 505 546 586 631 655 800 814 834 866 1026 1048 1067 1155 1192 1314 1347 1411 1415 1638 1707 1730 1815 1903 1972 2013 2073 2108 2275 2487 2596 3170 3852 4281 4335 4517 5086 5730 7440
document_46 6 11 29 33 46 58 68 75 80 83 94 142 172 176 178 179 183 199 206 208 251 288 351 387 400 414 441 455 460 471 477 507 599 658 671 696 852 913 1036 1057 1083 1098 1146 1426 1626 1726 1819 1949 2146 2185 2334 2401 2592 2944 3785 4188 7194 8372
document_47 6 15 26 28 29 63 75 80 83 94 96 134 142 162 227 228 337 339 363 404 472 561 731 903 1081 3028 4181 6690 6691 7591
document_48 6 15 37 63 75 81 96 142 178 179 204 229 243 312 345 346 355 363 405 413 475 485 568 571 693 737 834 837 1033 1391 1726 1746 2313 2528 2935 4727 5690
document_49 6 28 29 31 60 75 80 142 159 200 229 245 631 646 655 777 2874 4258
document_50 6 15 26 27 28 29 31 64 80 142 159 172 192 325 365 404 499 513 842 1294 2134 4786 5414 7993
document_51 6 29 63 75 83 96 142 172 174 186 218 339 404 405 473 480 506 535 574 613 716 737 761 808 850 1080 1471 1482 1711 2175
document_52 6 27 33 64 67 81 142 204 215 229 308 387 426 437 440 478 749 764 882 1003 1146 1213 1665 1791 2166 3292 3837 5697 5724 6098
document_53 6 28 29 31 67 153 159 185 220 277 278 322 373 387 539 764 772 903 1150 1236 2354 6118
document_54
document_55 6 17 26 27 28 29 32 37 41 48 60 63 67 88 97 134 140 142 153 174 232 255 274 284 331 355 373 420 469 475 527 530 558 561 586 598 757 799 903 936 965 987 1015 1059 1080 1122 1140 1294 1312 1359 1497 1579 1744 1808 1969 1979 2054 2062 2190 2398 2864 2975 4238 4787
document_56 6 15 26 27 28 29 31 37 41 63 64 75 94 97 132 134 142 174 176 192 198 205 226 255 265 284 323 387 455 508 546 808 1038 1457 1471 2185 2423 3391 4593 6831 8110
document_57 6 15 26 27 29 63 64 81 88 94 97 134 142 176 192 198 204 226 229 402 457 483 582 808 856 991 1150 2578 6261 6842 7934
document_58 6 15 27 28 29 64 80 92 132 142 204 209 251 278 284 299 308 309 327 337 346 351 389 438 505 537 539 565 643 723 772 827 856 1098 1237 1262 1487 1588 1688 2291 2341 2754 3050 3148 4130 4160 4784 5193 5211 5824 6754 7090 7722
document_59 6 80 147 204 220 339 916 995 1046 5477
document_60 147 204 387 742 916 995 1046 5477
document_61 6 27 29 31 41 42 47 63 68 75 80 83 142 144 169 174 176 180 186 189 204 229 255 345 404 498 507 530 553 561 579 582 636 684 808 823 1001 1482 1707 2731 4071
document_62 174 204 278 389 1038 1543 2376 9640
document_63 6 17 29 31 63 75 81 142 158 159 162 199 229 255 317 324 339 365 408 436 515 829 1010 1064 1190 1273 1817 1946 2161 2537 2581 2589 2734 2837 3535 3636 4540 4778 5153 5620
document_64 6 11 15 63 75 81 142 158 179 180 218 229 255 312 317 345 346 386 430 480 507 531 641 1033 1064 2202 2216 4619
document_65 6 15 26 27 29 31 41 60 63 75 81 134 142 147 171 176 192 198 204 205 220 232 286 292 339 346 365 387 394 414 415 457 478 505 506 510 561 574 586 599 607 613 664 742 800 806 844 856 876 916 987 995 1046 1080 1086 1127 1198 1216 1339 1380 1471 1472 1591 1778 1936 1980 2185 3719 3950 5477 5563 5564 6275 8807
document_66 6 15 26 28 29 60 63 134 142 158 228 337 404 480 507 513 561 579 731 808 1064 1175 2442 3028 4181 6690 6691 7591
document_67 6 15 26 27 29 37 41 63 68 75 94 97 134 142 174 176 192 198 204 226 232 252 255 265 278 317 322 323 363 389 394 404 414 502 506 527 549 561 586 599 806 808 856 987 1059 1126 1297 1709 1792 2376 9640
document_68 6 15 28 31 60 96 107 186 245 345 363 571 737 903 936 1014 1844 3298 4856 5294 8894
document_69 6 27 28 29 98 142 172 176 186 198 314 408 411 442 527 528 555 586 640 641 693 727 761 772 800 808 880 963 965 1017 1046 1080 1126 1309 1598 1675 1785 2194 2264 2280 3944 5107 5351 9210
document_70 6 26 27 33 37 41 48 67 72 76 85 110 142 176 194 207 229 303 323 355 398 423 426 437 480 671 676 712 780 789 795 808 1011 1042 1128 1171 1215 1241 1558 1769 2787 3807
document_71 6 15 29 42 80 96 138 159 174 179 245 346 351 471 535 586 998 1080 1916 2007 2823 4355 4784 5114 6483 6831 7217 7388 8315 8316
document_72 31 67 274 278 387 764 2354 6118
document_73 6 28 29 31 67 153 159 185 220 274 277 278 322 373 387 415 539 720 726 764 903 987 1236 2354 6118 7392
document_74 28 159 245 4781
document_75 6 11 15 17 28 29 92 142 144 158 159 161 179 180 204 218 245 252 255 256 318 351 387 411 478 502 731 780 1018 1058 1064 1620 1746 2833 3874 4111 4425 4781 6060 6607
document_76 6 15 29 63 75 80 83 142 158 204 229 408 521 664 881 1017 1109 1226 4126 4402
document_77 6 15 26 27 31 63 64 94 97 134 137 142 174 176 179 192 198 226 265 286 317 457 808 862 991 1607 2161 4887 5829 5869 6556 8291
document_78 27 111 134 142 176 204 515 693 1731 3350 4784
document_79 4 6 15 26 27 63 64 94 97 134 137 142 174 176 192 198 218 226 274 286 308 317 322 389 457 496 506 800 1031 1038 1227 2161 2845 4281 5643 9888
document_80 6 15 26 27 28 29 64 81 142 176 178 186 189 204 218 256 322 373 389 423 515 643 740 834 852 909 1057 1201 1243 1731 2139 2268 3350 4784
document_81 6 15 67 80 590 1046 2142 3467 3962
document_82 6 15 26 28 29 37 63 67 75 142 162 232 411 493 590 609 613 1041 1046 1457 1518 1576 1676 2142 2866 3467 3962
document_83 6 11 26 29 63 75 94 96 102 142 228 306 346 351 473 505 587 909 915 1235 1317 1418 2216 3237 4332 5478 6263
document_84 6 31 48 58 63 75 83 118 142 171 174 254 256 355 414 582 586 842 884 1725 1943 2254 4226 4604 4692
document_85 6 15 29 31 37 102 159 179 213 220 252 278 325 448 457 527 574 613 871 1123 1448 1649 1868 2134 4195
document_86 6 11 17 28 33 41 63 75 83 88 96 107 142 159 169 176 237 298 351 475 909 1036 1274 1746 1892 2216 5076 5478 6770
document_87 6 11 15 26 28 29 31 37 41 59 63 65 67 75 92 100 120 142 158 176 190 203 204 209 232 252 274 296 309 331 355 377 404 430 466 485 505 507 530 534 609 613 661 678 719 749 834 863 991 1118 1123 1238 1245 1272 1338 1558 1560 1819 1820 2123 2146 2196 2344 2703 2913 2992 3209 3787 3880 4839 5760 5880 6466 7130
document_88 6 17 26 28 29 31 33 59 60 63 67 75 83 88 94 97 102 132 134 142 148 150 153 176 192 198 204 226 240 242 275 306 307 322 345 404 457 473 485 493 498 550 574 609 643 730 755 757 834 876 882 886 952 963 997 1011 1025 1038 1056 1057 1154 1179 1232 1359 1462 1538 1863 2146 2241 2284 2402 3564 3929 5123 5124 5743
document_89 6 26 27 31 37 63 64 88 94 97 134 137 142 174 176 192 198 199 204 226 255 265 317 323 457 808 856 862 991 1281 1607 2161 4268
document_90 6 15 26 28 37 42 74 75 96 102 134 142 158 176 194 329 351 404 535 561 609 871 993 1274 1620 1829 1868 2596 3691 4202 4355 7555
document_91 6 15 26 27 29 31 63 67 92 97 134 142 153 172 174 176 186 192 284 308 405 561 593 808 987 1482 2335 4900 7226 8699 8721
document_92 6 15 26 27 63 64 94 97 137 142 174 179 185 192 198 204 226 265 286 317 337 457 546 626 719 723 808 834 862 991 1241 1607 2161 4438 7708
document_93 6 26 75 81 142 308 507 582 1782 3787 3880 6466
document_94 6 28 204 1227 3393 3787 3880 3929 6466
document_95 4 6 11 15 26 27 31 37 41 60 63 67 79 80 85 88 94 102 111 142 144 151 153 159 162 168 174 176 180 186 190 199 228 232 255 274 283 286 294 296 327 337 345 363 364 398 422 423 430 436 459 480 485 493 506 538 543 557 594 597 607 609 633 656 662 712 717 726 730 747 776 789 796 800 1009 1179 1239 1242 1265 1267 1509 1561 1627 1720 1815 1863 1912 2090 2227 2643 2651 2659 2866 2951 2989 3118 3472 3887 5239 5376 8232
document_96 6 15 26 27 29 63 67 142 176 192 204 284 345 355 377 404 546 553 608 712 772 1080 1155 4785
document_97 6 11 28 29 31 42 60 63 75 142 161 179 192 264 276 304 375 475 505 804 1225 1340 1353 1393 1502 1577 1877 1894 1918 2722 2733 3105 3360 3467 4346
document_98 6 26 27 28 29 31 37 41 59 63 67 83 88 96 106 132 134 140 142 153 174 176 179 192 199 204 232 289 299 309 322 345 355 373 377 436 469 475 505 506 538 557 580 598 657 719 757 808 810 858 936 975 1015 1122 1126 1140 1227 1312 1392 1822 1838 1979 2280 2306 2344 2571 2722 2900 3090 3482 4238 4787 4839 5880
document_99 6 27 29 31 64 80 142 158 159 208 229 245 286 308 322 355 367 381 478 502 513 530 538 643 658 671 684 733 890 1046 1378 1380 1811 2213 2393 2736 2804 2866 3284 4053 4602 6234 6781 7099
document_100 6 15 26 28 29 63 80 114 142 176 204 220 252 275 296 373 398 457 561 608 655 772 795 834 876 1008 1236 1536 2435 3024 3136 3996 4532 4887 5618
document_101 6 17 37 41 94 111 174 176 179 215 218 265 327 353 365 408 423 457 495 577 593 641 908 1213 1654 1720 1797 1851 1856 1917 2951 3300 7189 7951
document_102 6 15 28 29 31 57 159 172 186 237 255 365 404 423 499 535 608 645 884 993 1316 2935 5108 5793 5796 7247 7451 9664
document_103 6 15 17 26 27 63 67 80 134 140 142 153 192 205 226 276 331 345 363 457 574 613 761 808 824 844 848 858 975 987 1005 1216 1309 1392 1645 1689 1817 1853 3719 4033 5038 5563 5564 5782
document_104 6 15 28 29 31 176 317 322 455 477 571 2657 2786 6831 7260
document_105 6 15 28 31 159 174 220 339 374 404 473 561 1001 2335 3710 8855
document_106 6 15 28 29 31 64 159 174 176 179 185 192 242 245 351 408 499 781 896 987 1124 1655 1711 2457 2723 3382 5932 9930
document_107 6 26 27 28 29 64 75 88 142 159 162 185 232 341 430 437 500 550 882 930 960 1017 1055 1243 1377 1625 1740 1838 2444 2976 3071 3523 4857 6732 9643 9721
document_108 6 41 42 68 81 179 187 325 327 337 377 408 473 478 499 580 663 685 710 772 781 847 862 882 946 1294 1309 1359 1726 2135 2320 2343 2365 2478 3316 5212 5448 6491
document_109 6 29 75 142 179 180 204 205 229 303 317 387 405 437 507 560 582 717 1037 1324 1424 1776 2833 4871 5954 8903
document_110 6 15 26 27 63 64 94 97 134 142 144 174 176 186 192 198 204 226 265 286 317 337 351 808 834 862 965 991 1046 1607 1610 2736 2804
document_111 6 17 29 78 79 96 139 146 216 271 274 278 387 403 411 473 479 489 508 626 639 712 767 828 900 914 951 1048 1052 1255 1347 1627 1738 2497 2751 2866 3622 3702 5516
document_112 4 6 26 27 29 31 33 63 75 80 83 88 96 142 179 185 204 218 312 388 405 413 437 480 507 565 737 794 922 1248 1509 1665 1731 2223 3070 5784 8157 8218 8233 9060
document_113 6 7 15 17 26 27 28 29 30 37 41 63 64 77 81 85 94 97 132 140 142 144 176 178 198 204 226 232 274 299 306 308 322 347 351 365 387 389 398 426 431 473 493 502 518 534 541 543 561 574 582 603 609 663 676 692 713 829 1215 1471 1472 1557 1608 1963 2123 2154 2252 2292 2403 2986 3929 4297 4825 5119 5228 7414
document_114 6 15 26 28 31 60 63 67 88 111 140 142 153 158 174 232 252 274 320 328 345 355 386 387 586 593 613 667 909 933 1026 1050 1122 1446 1731 2073 2211 4155
document_115 6 12 15 26 27 29 39 41 63 75 80 86 102 108 110 142 199 205 259 262 284 316 322 350 351 437 587 647 717 784 965 1069 1149 1274 1754 4909 5898 8768 9857
document_116 6 15 60 63 75 142 176 179 180 255 345 475 717 2889 6998
document_117 6 15 26 27 28 37 63 84 86 103 107 142 159 203 232 252 289 296 345 442 571 613 639 643 714 757 1118 1238 1433 1972 2123 2196 2902 3136 3209
document_118 6 15 26 27 28 29 30 31 63 64 67 68 75 88 94 97 102 134 142 144 148 153 174 176 192 198 199 215 226 232 256 275 284 308 317 322 325 341 351 373 387 389 394 426 436 475 506 546 586 772 808 824 885 909 912 1026 1124 1126 1227 1228 1243 1283 1446 1453 1464 1625 1787 1951 3090 3473 3929 4537 4649 5369
document_119 6 60 67 203 1118 1676 2123 2196 3209
document_120 6 26 27 31 63 64 94 97 134 142 144 176 179 198 226 229 308 363 387 455 513 582 694 862 991 1613 2423 2491
document_121 27 111 322 325 389 506 1124
document_122 6 15 26 29 37 68 75 88 142 158 176 199 204 208 252 275 284 287 291 308 312 341 355 373 377 389 404 442 457 475 502 505 530 543 558 626 655 685 737 757 772 776 795 824 834 863 936 952 997 1015 1086 1106 1154 1269 1294 1347 1359 1375 1411 1416 1730 1903 1917 1992 2194 2306 2406 2526 3170 3469 3677 4431 4517 4714 4835 5086 7088
document_123 6 15 29 41 60 80 96 176 227 252 255 278 309 339 404 513 561 603 795 1431 2171 2401 2642 2941 3114 4679 9007
document_124 60 355 795 1431 4679 9007
document_125 6 15 29 31 60 88 102 142 158 252 255 275 355 373 377 426 448 485 655 713 761 808 950 987 994 1007 1373 1880 1911 1942 2650 3542 3767 4432 5211 8305 8715
document_126 6 26 27 28 29 31 37 67 75 80 134 142 171 174 176 204 211 255 291 313 323 345 373 404 409 485 597 643 713 800 834 1544 1917 2756 3136 5580 5956 7828
document_127 6 15 26 31 62 63 67 92 94 102 134 142 174 176 185 232 308 331 337 373 423 457 465 469 574 613 757 827 829 909 952 975 997 1005 1237 1359 1676 1931 2114 2946 5440 7501
document_128 6 26 33 37 41 67 72 78 81 97 110 111 135 142 144 162 176 178 215 262 303 342 423 437 499 504 616 661 671 712 721 780 789 908 912 974 984 986 991 1019 1042 1044 1068 1104 1117 1128 1129 1241 1249 1769 1820 1893 1910 2154 2238 2471 3451 3561 3728 4277 7052 7369
document_129 6 27 34 37 57 60 63 75 80 142 148 172 205 229 237 312 336 405 411 437 505 583 586 644 647 695 704 784 1155 1296 1379 2240 2682 2688 2866 2912 3184 4164 4909 6249 7015 8923 8977 9778
document_130 6 11 27 29 64 67 88 132 142 204 232 299 323 331 426 437 440 609 643 644 749 764 882 969 1003 1296 1412 1791 1819 2166 2246 3170 3837 5697
document_131 6 12 26 27 29 33 64 75 94 132 142 176 179 186 206 308 337 351 387 415 437 455 539 546 780 965 1046 1607 2736 2804 4500 4530 5930 8118 8417
document_132 6 15 29 31 60 63 65 80 158 159 172 176 179 205 337 346 365 375 398 455 505 515 768 952 963 1027 1047 1844 1936 2024 2076 2385 2801 3044 3496 3899 4601 6464
document_133 6 15 28 29 60 63 75 83 88 96 142 179 205 312 325 327 331 346 351 405 442 480 496 505 507 782 829 903 1124 1164 1175 1308 1471 1472 2223 4189 4512 6782
document_134 15 28 63 75 81 83 108 142 144 159 179 229 258 351 365 574 745 993 1141 1335 1626 2240 2397 3323 3756 4737 6233 6450
document_135 6 11 15 29 31 52 59 63 72 75 84 100 102 111 118 132 138 140 142 185 198 209 226 232 255 276 296 299 304 306 312 320 322 327 336 337 341 349 355 372 377 382 408 422 448 466 485 489 493 502 505 506 514 515 574 580 587 609 613 656 673 676 687 697 712 720 730 755 795 800 804 824 867 942 1019 1033 1086 1168 1216 1268 1305 1309 1347 1422 1424 1553 1669 1692 1779 1865 1880 1919 1921 1924 1932 1981 2008 2198 2371 2379 2380 2771 2815 3335 3366 3950 4189 4696 4976 5036 6261 6412 7667 7907 8399
document_136 15 31 80 111 375 505 3899 6464
document_137 6 15 26 29 63 67 75 117 134 142 232 274 286 345 539 592 633 743 827 1050 1150 2683 2709 7199 8149
document_138 6 15 26 31 63 88 102 142 159 180 204 205 229 275 383 423 430 437 457 507 574 586 686 755 799 867 881 952 963 979 1064 1159 1387 1509 1550 1863 2017 5362
document_139 6 15 26 27 28 29 31 63 64 68 75 80 81 134 142 158 174 185 208 255 308 331 355 399 414 423 471 561 582 647 739 1226 1230 1469 1913 2392 2455 2564 2744 3061 3710 4777 5614 8373 9495
document_140 6 20 27 29 31 59 81 83 100 141 142 159 179 206 215 228 229 276 296 309 351 377 396 408 432 461 475 480 493 499 506 509 550 644 653 730 742 781 800 882 913 969 993 1009 1201 1449 1489 1639 1651 1880 1990 2306 3090 4379 4431 4737 9639
document_141 6 11 31 37 60 63 86 98 100 142 150 151 159 181 186 242 254 276 294 295 304 325 341 346 351 369 373 408 411 430 467 473 485 496 498 500 505 507 528 533 534 580 625 641 644 676 774 882 912 916 950 952 966 996 1005 1009 1018 1036 1043 1218 1273 1527 1551 1576 1578 1697 1700 1808 1892 1943 2142 2404 2645 2791 3658 3708 3743 3969 5801 5953 6099 6355 6799 6800 8003 8376
document_142 6 15 26 29 63 67 75 83 88 102 141 142 158 173 204 215 232 252 306 308 322 327 342 355 373 426 453 458 506 557 574 609 671 687 717 723 824 852 858 1005 1009 1057 1225 1227 1242 1274 1347 1351 1436 1599 1776 1828 1924 2024 2223 2433 2470 2561 2913 3335 3735 3837 3867 4387 4856 5474 5833 7035
document_143 6 15 29 37 63 75 80 83 96 142 154 158 179 243 256 325 327 331 345 351 414 478 480 496 507 782 837 987 1007 1124 1175 1308 1312 1471 2206 2223 3219 4512 6782
document_144 102 111 204 252 1776 3837 3867
document_145 6 15 28 29 63 75 80 96 142 159 180 229 327 365 413 507 527 723 737 1614 2246 3719 3868 3957 7131 7356
document_146 6 15 26 27 28 29 30 40 41 57 63 75 79 80 81 83 96 134 142 145 158 171 173 174 180 186 200 205 226 227 229 274 275 276 288 295 312 317 320 325 327 345 346 348 355 398 402 405 408 409 413 423 457 478 507 510 515 535 546 557 565 574 582 586 613 631 643 647 764 804 851 856 1031 1080 1098 1145 1149 1225 1359 1380 1411 1433 1509 1528 1581 1598 1608 1685 1734 1783 1986 2007 2024 2042 2164 2188 2223 2340 2388 2401 2421 2424 2427 2529 2666 2913 3018 3046 3348 3520 3553 3609 4047 4602 5121 5122 5192 5201 5583 5833 6409 7215 9591
document_147 15 63 75 81 111 142 515 1528 2401 2421
document_148 6 27 53 64 81 142 185 719 733 7006 8400
document_149 6 15 26 27 29 63 67 75 88 134 142 144 178 180 192 204 208 220 252 255 274 314 322 351 355 394 404 457 541 731 795 895 1036 1230 1340 1949 2399 2968 4397
document_150 6 15 31 85 88 179 205 229 255 275 430 477 480 499 507 586 655 895 952 1007 1064 1124 1863 2382 4402 8145 9390
document_151 6 28 29 31 54 60 83 94 97 111 226 333 405 448 478 861 882 1010 1027 1038 1080 1337 1535 2024 2186 2240 2398 2913 3734 9162
document_152 144 178 204 220 274 795
document_153 4 6 15 29 31 37 63 75 142 144 174 179 180 245 337 351 404 414 507 527 561 641 727 850 960 1007 1273 1565 1955 1980 2578 2709 3382 3456 5075 5423 5516 6106 6940 7234 9189
document_154 6 29 31 60 80 142 199 265 325 351 436 496 499 560 1135 1448 1783 2134 2404 2448 6710
document_155 6 15 26 29 31 41 47 63 75 94 96 134 142 158 179 198 209 229 276 306 325 382 429 475 640 649 731 867 880 882 890 968 1045 1138 1433 1465 1625 1700 1709 2195 2264 2657 3767 6749 7012 9351
document_156 6 26 27 28 29 63 64 81 94 97 134 142 172 174 176 178 192 198 204 215 226 387 409 442 506 531 717 834 867 987 994 1614 2528 2997 4556 4887 7393
document_157 6 12 15 26 27 28 29 64 86 94 108 134 142 158 185 192 259 308 408 565 592 631 906 2862 8361
document_158 27 64 142 204 387 834 2997 4887 7393
document_159 6 15 29 31 80 96 159 162 174 179 199 228 245 256 265 277 322 346 351 381 499 507 550 697 796 847 850 950 1548 2709 3653 3691 4315 5297
document_160 6 15 29 31 37 63 75 81 83 96 142 179 185 229 473 513 586 684 764 1122 1305 1311 1446 1573 1951 2340 2605 2825 3167 4301
document_161 6 28 29 31 37 42 63 75 80 83 98 142 174 179 180 204 229 245 478 586 1001 1047 1064 1191 1305 2709 2889 3025 8555
document_162 6 15 28 60 159 162 180 245 351 413 427 467 531 608 2837 5268 6464 7592
document_163 6 15 60 172 179 180 768 1010 2734 3179 4930 6307
document_164 6 27 28 29 31 142 159 185 204 245 411 643 644 689 965 1155 1296 1509 1576 2866 3478 5137 7247 7696 9794
document_165 6 26 27 29 31 41 47 60 63 75 84 88 134 142 172 176 199 205 215 275 319 345 387 477 480 505 571 867 952 966 997 1159 1277 1469 1863 1936 2968 5736
document_166 6 15 26 27 29 63 67 84 94 97 103 107 134 142 153 154 176 192 198 199 204 226 306 345 355 363 405 417 453 477 561 571 799 882 987 1045 1058 1731 1894 5440 6161
document_167 6 11 15 26 37 48 63 75 88 94 96 97 134 142 176 198 226 252 255 275 276 304 306 317 351 373 413 430 457 475 506 587 671 683 723 737 761 799 867 1017 1043 1135 1159 1725 1863 2024 2376 2532 3929 4176
document_168 6 26 29 60 88 94 134 142 144 145 159 192 255 306 513 553 703 947 952 1140 1197 1268 1482 1670 1863 3759 7816 8184
document_169 6 12 18 20 29 31 51 52 60 65 68 72 78 83 84 98 102 132 135 139 142 179 199 204 206 215 236 243 253 279 283 318 325 337 351 411 449 472 485 499 533 550 554 576 586 597 607 630 643 644 654 658 688 763 767 772 819 829 837 856 876 916 951 966 987 1007 1046 1075 1112 1114 1133 1135 1155 1162 1199 1245 1273 1292 1296 1331 1351 1375 1380 1493 1527 1561 1598 1677 1700 1707 1711 1782 1836 1849 1936 2010 2020 2023 2066 2075 2142 2184 2195 2251 2277 2365 2382 2433 2461 2490 2683 3613 4008 4053 4513 4900 4909 5365 5627 6060 7710 7805 8420 8759 8844 8878 9455
document_170 6 28 29 31 60 63 142 159 180 365 408 850 1305 1340 1627 2026 2933 3952 6619 7661 8681
document_171 6 31 80 159 174 180 245 346 586 1191 2024 3025 8555
document_172 6 12 15 27 29 60 64 102 110 142 172 180 205 268 308 411 437 441 539 643 644 723 768 780 882 1067 1128 1129 1155 1296 1395 1576 1614 1872 2301 3300 3793 4107
document_173 6 15 26 27 28 29 31 47 63 64 67 94 97 103 134 142 178 198 204 226 252 292 308 322 323 345 355 373 387 389 423 475 506 527 553 609 714 723 853 867 987 1518 1713 1880 3609 4740 5190 7101 8121 9289
document_174 6 26 29 31 60 63 96 100 102 134 142 150 176 179 199 275 345 355 373 530 561 755 757 772 952 1863 2484 2907 9054
document_175 6 15 26 41 63 68 75 83 94 96 140 142 176 289 298 317 325 351 413 423 427 467 475 480 1245 2466
document_176 6 15 17 28 68 80 83 94 96 186 245 427 478 518 571 644 781 814 884 1109 1411 2237 3559 3781 4977 6115 6989 7552
document_177 6 27 31 67 81 96 142 185 196 339 388 389 455 502 608 687 795 867 1134 1613 1916 2458 2470 6784
document_178 6 15 27 28 29 30 47 63 75 81 83 84 142 154 158 159 174 176 185 192 205 221 229 255 256 280 310 314 325 345 346 373 462 498 499 524 626 658 693 795 804 952 1027 1311 1410 1472 1720 1816 1842 1969 2218 2528 3217 3614 6126 6812
document_179 6 15 29 67 88 96 142 176 199 255 275 289 514 586 631 737 761 799 1018 1036 1373 1709 1948 2650 7838 9103
document_180 6 15 29 31 80 159 174 179 204 245 264 322 346 369 499 530 697 761 847 1034 1309 1486 2340 6171
document_181 6 15 26 29 31 40 63 81 142 144 171 174 179 180 204 229 286 320 345 386 387 402 502 521 582 586 658 782 994 1001 1134 1141 1389 1504 1897 2240 3079 4492 6147 6231 6233 6493 9267
document_182 6 17 26 27 28 29 31 40 41 60 63 64 67 75 88 94 96 97 102 111 140 142 143 153 173 176 179 180 192 193 198 199 204 205 218 220 226 229 232 242 265 274 276 278 286 296 307 317 322 327 331 333 336 337 341 346 355 363 365 372 373 382 414 436 441 442 543 570 580 631 640 644 655 678 687 713 772 774 792 808 814 844 858 880 886 913 952 987 1010 1031 1038 1056 1150 1164 1192 1201 1227 1260 1322 1392 1590 1613 1636 1749 1782 1820 1838 1853 1921 1946 1981 2010 2021 2055 2067 2160 2240 2296 2369 2446 2526 2564 2838 2852 2860 2913 3708 3734 3759 4211 4234 4335 5833 6364 7199 9162 9274
document_183 6 15 28 29 48 63 75 88 96 102 142 176 255 275 457 475 506 561 574 723 737 867 895 1626 1863 1955 2455 2975 3509 6248
document_184 4 6 15 26 27 29 31 41 60 63 64 67 72 81 86 88 94 97 132 134 142 159 174 176 185 198 199 204 205 215 226 228 240 277 284 308 322 341 342 346 351 365 387 409 436 473 475 477 478 502 504 506 538 553 628 719 757 876 909 965 987 1038 1126 1277 1306 1446 1495 1614 1675 1785 1787 1884 2055 2161 2185 2229 2237 2662 2837 3090 3117 3708 3793 8130 8682 9374
document_185 274 640 1010 1038 1260 2240 3734 9162
document_186 6 15 29 31 37 80 142 171 174 245 265 337 347 404 555 561 842 847 986 1057 1388 1707 2034 2099 2217 2561 2709 2771 3691 3699 3921 3963 4703 5029 7000 7386 8644 9055
document_187 6 15 26 27 29 63 64 75 80 134 142 171 172 174 255 265 289 317 423 457 478 574 631 856 987 1433 1917 2924 5677 5678 6640 7860 8220
document_188 6 11 28 29 60 63 86 122 142 172 174 205 252 276 304 308 327 328 346 373 408 496 506 515 580 685 687 693 727 767 909 916 952 996 1027 1080 1229 1236 1363 1485 1527 1578 1808 1892 1955 2223 2251 2484 2616 2652 2791 3969 4189 4300 4521 5932 5953 6799 6800 9853
document_189 6 27 31 42 48 67 88 102 142 153 199 252 275 289 308 507 513 535 561 631 671 723 895 1159 1359 1471 1734 2024 2975 6634
document_190 6 27 28 29 31 37 64 80 174 176 190 308 323 886 1792 3734 5676 8560 8906
document_191 6 15 63 75 80 83 142 159 174 204 255 405 473 480 507 565 593 597 852 884 974 987 1055 1059 1471 1573 1936 2237 2843 3957 4429 7561
document_192 122 174 346 1578 1863 1955 5953 6799
document_193 6 15 26 27 31 88 96 102 134 142 150 158 172 176 179 192 205 275 312 405 507 561 587 768 1033 1395 1471 1665
document_194 4 6 15 26 27 28 29 31 41 47 63 64 68 72 84 92 94 96 97 102 103 132 134 140 142 174 176 178 180 198 204 208 218 240 252 308 312 317 322 323 337 345 387 389 405 409 423 457 469 475 478 506 530 553 561 644 714 719 723 742 772 814 834 853 856 867 994 997 1031 1038 1216 1377 1416 1638 1664 1816 2055 2114 2248 2423 2775 3842 3851 4281 5190 7101 9289
document_195 6 15 31 42 57 80 158 159 199 205 252 255 337 346 351 365 608 641 665 1169 1174 1703 2040 3366 8419
document_196 27 31 64 142 322 337 389 506 5190
document_197 6 15 27 29 47 63 80 83 96 134 142 150 174 176 179 180 265 308 593 689 997 1043 1138 1624 3679 4447 4488 6126
document_198 4 6 29 31 41 63 75 80 88 96 142 158 179 255 276 304 312 345 346 351 405 475 480 505 506 731 737 1033 1135 1236 1273 1282 1675 1746 1785 1808 2062 5953 6879
document_199 6 29 31 63 75 80 108 142 158 165 174 179 325 345 490 498 531 641 731 1018 1080 1140 1627 2223 4656 6239
document_200 6 27 31 42 48 67 88 102 142 153 199 252 275 284 289 308 331 506 507 513 561 633 671 723 876 895 1014 1159 1359 1471 1734 2024 2975 6634
document_201 6 26 27 29 31 63 67 83 88 102 142 153 174 176 180 204 205 209 255 320 331 423 437 457 561 574 609 952 979 1387 1550
document_202 6 11 15 26 27 28 29 37 41 60 63 64 67 68 75 81 88 94 97 102 132 134 142 153 174 176 198 206 208 214 226 229 232 252 256 265 275 278 284 292 308 309 317 323 325 337 351 365 373 375 387 389 404 411 442 448 498 502 505 506 507 528 530 546 594 686 696 800 806 856 867 884 909 998 1001 1026 1027 1038 1043 1080 1216 1228 1269 1272 1309 1338 1339 1446 1448 1509 1591 1604 1613 1625 1643 1786 1816 1880 1903 2055 2160 2163 2165 2270 2280 2561 3170 3469 4234 8142
document_203 6 15 28 31 60 63 75 142 159 161 176 199 229 276 346 365 455 510 515 592 626 655 686 856 982 987 1001 1331 1501 1980 2017 2024
document_204 6 15 23 26 27 28 31 32 37 41 48 63 64 80 81 88 118 132 134 140 142 158 162 174 176 185 192 198 199 204 221 229 232 274 299 355 420 475 499 574 667 723 744 757 799 858 867 880 966 997 1007 1015 1122 1135 1140 1154 1201 1228 1229 1277 1294 1312 1568 1579 1591 1816 1877 1880 2054 2264 2306 2528 2792 2975 3090 3144 3356 3589 4004 5149 5886 7223
document_205 37 88 102 206 214 506 2280 3170
document_206 2 6 26 27 28 29 31 63 64 80 96 134 142 158 176 185 204 404 561 582 755 823 834 965 987 1122 2163 9625
document_207 6 15 27 29 31 63 64 75 80 142 165 172 174 179 180 185 200 204 205 208 237 408 515 565 582 626 719 723 761 768 884 1031 1047 1055 1094 1135 1378 1509 1627 4031 6618 7387 8116 8117 8434
document_208 6 26 27 29 31 37 134 172 174 176 190 215 255 286 323 502 506 667 742 796 886 1096 1154 1792 3734 5676 8560 8906
document_209 6 15 26 28 29 63 67 75 96 134 142 153 158 174 176 192 232 242 255 351 373 404 437 475 541 697 848 852 952 1036 1083 1126 1198 2066 2694 2833 9093
document_210 6 13 15 27 28 37 42 60 142 199 204 406 414 515 936 1154 1312 1463 1536 1787 2825 6262
document_211 6 15 28 57 60 80 204 336 513 515 586 1665 1746 1845 1858 2223 2340 2387 4425 6237
document_212 6 26 63 142 232 437 541 697 2833
document_213 6 15 19 29 81 96 142 180 185 255 351 357 361 387 506 582 623 697 733 739 767 1017 1171 1262 1613 1951 2285 2401 3167 4538 4764 8932
document_214 6 15 60 63 75 80 142 179 180 345 457 574 600 608 620 781 5803 6464 7373
document_215 4 6 18 26 27 29 33 40 67 74 75 80 81 142 150 154 158 172 180 204 221 252 262 286 303 322 337 345 377 386 418 432 437 441 455 480 491 561 657 683 698 757 781 930 944 1013 1057 1126 1241 1433 1450 1591 1858 2248 2975 2976 3251 3355 4292 4573 4729 5445 5476 7015 9806
document_216 6 17 26 27 29 33 41 67 75 82 102 139 142 158 172 199 203 232 252 296 303 317 331 369 406 408 437 472 475 500 513 527 530 538 586 657 695 764 772 871 882 890 912 930 944 1027 1086 1213 1241 1366 1382 1548 1602 1662 1665 1710 1728 1776 2166 2185 2229 2906 3653 3698 4825 6152 7185 8499 9580
document_217 75 111 142 158 232 303 1377 2166 8499 9580
document_218 6 15 26 27 63 64 94 97 134 142 176 192 198 226 265 317 387 441 719 867 1031 1916 2376 2683 5209 5370
document_219 6 15 29 81 85 96 159 174 179 180 185 278 279 339 355 367 414 473 530 731 804 1126 1573 1910 2293 2825 4315 4813 8412
document_220 6 15 26 29 63 67 142 204 289 437 543 723 827 867 975 1005 1999 2153 2730 9299
document_221 6 26 28 29 31 83 88 132 151 176 204 218 274 309 404 422 427 493 515 561 609 1134 1227 1389 1639 1651 1697 2581 3482 3787 3880 5833 6466 7130
document_222 6 15 29 31 42 96 159 204 206 346 365 404 414 507 561 587 903 963 1418 2117 2887 2941 5679
document_223 102 142 204 252 867 1005 2153 9299
document_224 6 15 28 29 67 142 185 278 325 423 499 502 506 1227 2340 3136 4811 6079 9682 9871
document_225 6 15 26 27 29 31 63 64 94 97 134 142 198 204 226 265 317 337 351 441 457 506 510 561 679 856 867 987 1665 1980 2215 2683 2889 6165 6296 9911
document_226 6 15 26 27 63 64 94 97 132 142 176 178 192 204 226 256 317 387 409 496 499 515 582 631 663 694 719 801 867 1031 2423 3024 7990
document_227 6 15 28 60 63 75 80 106 142 158 159 179 186 204 229 245 346 414 535 560 614 655 731 784 982 998 1001 1047 2969 3010 5134 5326 7173
document_228 6 26 27 28 31 64 94 97 132 142 176 187 192 226 265 317 337 387 499 993 994 1195 2162 2165 3653 3803 4704 8630
document_229 6 15 26 27 31 63 64 94 97 134 142 166 176 179 192 198 204 205 226 240 252 274 291 317 513 582 592 719 834 867 1031 3962 4282 6265 8692
document_230 11 17 23 29 30 33 37 38 41 48 51 59 63 67 72 74 75 79 83 85 87 94 97 111 118 137 142 144 148 158 159 162 175 176 178 182 186 199 203 208 209 216 218 226 240 244 246 256 269 271 274 276 284 330 333 336 337 341 365 369 372 375 380 387 403 411 430 433 439 442 459 467 478 479 485 500 501 504 505 506 507 509 526 527 532 576 593 609 613 633 639 640 643 655 658 667 695 715 742 749 763 772 774 824 829 848 868 880 883 886 936 963 976 982 996 1003 1007 1011 1033 1034 1036 1038 1039 1064 1105 1114 1146 1213 1227 1236 1242 1247 1260 1263 1294 1305 1318 1319 1322 1337 1359 1365 1370 1374 1411 1426 1436 1446 1457 1462 1489 1507 1533 1544 1545 1559 1576 1627 1639 1651 1664 1677 1680 1687 1758 1760 1788 1800 1802 1838 1853 1854 1866 1922 1943 1951 2001 2042 2045 2058 2088 2120 2140 2142 2171 2185 2206 2218 2246 2256 2311 2339 2402 2446 2515 2541 2564 2571 2575 2596 2616 2646 2656 2659 2666 2723 2740 2779 2783 2787 2838 2933 3004 3030 3055 3214 3271 3274 3307 3471 3492 3574 3734 3845 3852 3981 4008 4080 4202 4238 4305 4394 4398 4704 4893 4923 5369 5411 5493 5504 5618 5709 5919 6089 6099 6108 6189 6383 6737 6988 7001 7694 7696 7880 8200 8340 8666
document_231 6 26 27 29 31 63 64 75 83 94 96 97 111 142 162 166 178 198 204 218 226 232 262 274 317 322 377 389 422 455 475 496 506 527 575 582 609 625 653 834 867 1038 1192 1213 1232 1312 1435 1446 1527 2292 3090 3138 3292 3408 3563 3962 4128 6604 7021
document_232 28 31 100 132 144 185 218 274 299 360 389 398 683 781 998 1025 1430 1560 1838 2531 2664 3190 4650
document_233 6 29 63 75 81 142 144 199 204 262 346 351 408 411 423 424 436 437 582 781 953 1017 1410 1449 1620 2067 6758 9013
document_234 6 15 26 31 60 63 96 102 142 186 204 232 274 276 372 440 505 648 824 880 933 1031 1149 1201 1215 1259 1322 1838 1918 2852 2979 3555 4839 5880 6480 8995
document_235 6 11 15 29 31 60 83 111 198 252 276 304 372 373 382 389 827 880 1015 1043 1665 1725 1808 2215 2264 2521 2792 2921 3551 4205 4398 6165
document_236 6 28 29 30 31 60 68 80 94 97 98 100 132 151 176 185 198 199 204 216 219 226 252 274 341 398 422 423 427 436 463 507 564 609 643 662 686 771 774 851 873 882 936 1058 1083 1134 1156 1193 1242 1288 1294 1356 1389 1393 1411 1431 1432 1436 1500 1639 1651 1697 1822 1831 1904 2194 2520 2561 2589 2977 3482 3787 3880 4004 4109 4187 5516 5637 5833 6376 6466 7130 8343 8348
document_237 6 27 28 31 37 60 63 75 80 83 96 142 179 180 228 339 351 414 473 507 780 784 867 1046 1210 1875 1939 2187 2457 2771 5357 6604 7392 9854
document_238 6 28 132 176 185 1134 3880 6466
document_239 6 15 29 80 98 128 174 179 180 199 411 453 513 530 1018 1043 1133 1145 1192 1331 1576 1958 2825 4979 5231 5935 6684
document_240 6 28 31 40 63 68 75 97 142 144 172 205 229 337 346 365 404 413 427 467 498 655 658 667 994 1080 1082 1230 2017 2280 2837 4516 4928
document_241 6 15 26 29 41 63 67 75 98 134 142 153 159 174 176 283 345 351 457 548 574 667 723 844 943 967 975 989 1005 1126 2211 2415 2733 7462 8971
document_242 6 15 28 75 100 142 159 185 277 318 365 457 473 485 499 538 561 733 890 909 1018 1035 1043 1626 2134 2206 2683 2946 3170 3570 4650 7211
document_243 6 15 28 80 81 158 176 245 325 345 347 404 555 561 571 842 847 1007 1113 1124 1294 2548 3751 4528 8857
document_244 6 15 26 29 31 37 41 63 80 100 144 176 215 232 274 286 307 309 325 341 349 377 422 437 480 526 532 597 643 653 749 764 780 812 882 953 965 996 1009 1025 1241 1247 1412 1614 1620 1781 1855 1865 2080 2831 2880 2882 3563 3729 4213 4259 4419 4705 5452 6732 7782 8046
document_245 1 2 3 4 5 15 23 44 83 142 229 409 2455 6525
document_246 6 15 26 27 31 33 60 81 85 96 134 140 142 158 176 185 204 206 229 262 289 322 387 409 423 480 586 658 834 997 1213 1931 3867 4530
document_247 6 15 17 27 29 42 64 67 85 88 96 161 176 178 252 274 291 309 373 387 493 506 571 749 796 858 912 933 1377 1652 2504 2540 2652 2684 3200 4297 5119 5228 6193 7414
document_248 6 26 27 29 41 63 67 81 134 142 158 174 176 192 240 255 284 373 411 553 643 952 1008 1057 1527 1576 1863 2246 2866 4187
document_249 6 15 27 63 64 75 96 142 165 176 185 286 413 441 549 1949 4281
document_250 27 111 308 4297 5228 7414
document_251 67 68 319 553 772 1863
document_252 6 15 26 27 28 29 60 63 64 68 75 80 81 86 94 96 97 111 132 142 176 178 198 204 220 226 265 284 317 355 373 377 448 455 475 483 506 513 546 586 631 641 713 757 800 834 856 867 876 1038 1064 1184 1229 1283 1306 1313 1379 1432 2185 2578 3090 6404 6842 7658 7934
document_253 6 11 15 28 60 63 75 97 142 159 179 199 204 304 312 328 365 496 505 685 867 1033 1725 1754 1808 1892 1986 2215 2382 7705 9373
document_254 6 15 26 27 63 64 81 83 94 97 132 142 176 178 186 192 226 317 327 404 518 582 852 867 995 1207 1223 1955 2423 3138 5445 6168 6711 9197
document_255 6 12 26 27 28 29 31 37 63 67 88 134 142 172 205 252 345 355 373 475 593 647 755 784 880 952 1235 1511 2248 2642 2884 4001 4430 7381
document_256 6 11 15 26 27 29 31 42 63 67 68 75 80 92 100 142 153 158 176 199 203 240 313 317 345 412 436 465 571 574 609 679 764 863 1057 1102 3937 6511 8232
document_257 6 15 31 60 63 75 142 145 172 180 274 345 409 430 457 560 574 641 685 768 1064 1143 1610 1892 1907 2138 2236 2823 9881
document_258 6 12 27 28 142 205 252 423 784 4430
document_259 6 17 29 31 88 102 142 172 176 229 325 408 426 475 496 499 505 553 593 641 658 727 800 856 965 1008 1228 1327 1380 1448 1509 1591 1709 2018 2021 2134 3090 3096 4004 5620
document_260 6 15 29 34 60 63 75 80 83 134 142 158 176 204 229 240 327 345 458 478 527 1064 1098 1140 1294 2136 2569 2889 6483 7011 8700
document_261 6 11 31 60 63 80 96 142 179 208 276 304 413 427 467 473 496 505 513 574 609 687 737 916 1374 1645 1808 2352 5508
document_262 6 15 28 31 60 63 75 142 158 345 404 416 513 530 561 693 717 731 761 850 1118 1331 2935 3095 4556 6125 6644 8856
document_263 6 15 29 31 37 67 75 111 141 142 144 176 215 232 284 303 317 325 437 493 506 609 780 953 1009 1056 1430 1614 1822 2831 2937 4213 4259 4419 4705 5452 6732 7782 8046
document_264 6 29 58 80 96 108 142 159 174 199 256 330 365 436 446 485 537 902 963 1078 1135 1237 1620 1967 2062 4737 4915
document_265 6 15 26 29 31 63 68 75 84 92 102 142 180 192 252 256 275 284 289 345 373 381 404 426 475 505 561 613 644 659 671 688 723 755 764 772 814 975 1189 1198 1250 1294 1411 1416 1713 2067 2335 2402 3851 5076 6786 6814 8402
document_266 102 229 325 641 727 800 3096
document_267 6 28 29 32 48 63 67 75 81 142 159 179 180 295 345 346 365 413 427 467 499 531 598 799 867 963 1035 1045 1134 1389 1448 1471 1627 2134 2448 6710 9711
document_268 6 15 31 40 63 75 83 142 154 158 179 196 198 204 209 232 237 240 243 317 331 409 480 519 530 553 608 631 781 936 1008 1020 1394 1599 2112 2264 2934 2935 3666 3787 6094 6763 7130
document_269 6 15 26 28 31 33 108 142 158 231 284 408 499 592 667 674 731 977 1056 1595 2152 2619 2862 5003 5167 6259
document_270 6 15 26 27 31 49 63 64 68 75 94 96 97 134 142 166 176 198 209 226 317 547 582 867 883 2057 2277 2436 3989 4069 4317 4635 5391
document_271 6 15 29 100 111 218 292 331 448 531 679 749 882 1011 1133 1229 1614 1618 1639 1651 1911 2216 2257 2280 2322 2949 3081 3393 3797 4385 5531 5886 6548 6809
document_272 6 15 17 26 28 29 31 63 75 83 94 134 142 158 176 186 192 414 731 850 1007 6763
document_273 6 15 26 63 67 102 142 153 337 345 829 844 867 886 975 1001 1074 1557 1689 1709 1751 1959 2163 3719 5563 5564 7077
document_274 6 29 31 98 100 111 140 216 218 219 242 252 274 277 306 398 399 405 419 426 431 448 463 479 506 564 657 685 712 713 715 729 800 836 876 914 966 1003 1116 1156 1159 1227 1237 1294 1356 1430 1614 1880 1979 2194 2292 2977 3441 3557 3707 3880 4004 5222 5637 6441 6466 7524
document_275 6 15 26 28 29 31 33 37 54 59 63 75 84 85 94 97 100 107 134 136 142 144 150 155 172 180 185 198 199 226 262 274 286 296 306 309 325 342 355 372 382 389 415 436 437 459 475 493 505 538 571 574 591 678 696 713 714 780 799 801 840 867 880 882 886 953 987 1134 1138 1154 1213 1215 1227 1322 1339 1430 1545 1599 1614 1620 1639 1651 1688 2021 2171 2215 2934 2952 4213 4224 4259 4311 4419 4705 4740 5452 5977 6395 6634 7634 7846 8046
document_276 6 102 252 505 764 1713
document_277 6 28 29 31 83 98 112 142 158 226 408 411 489 513 576 628 643 709 795 1305 2074 2265 2547 2992 3366 5041 6412 7667 7907
document_278 28 31 158 423 1305 2547 7907
document_279 6 15 26 27 29 31 41 47 63 67 75 88 142 153 158 174 229 232 252 255 286 291 317 351 355 373 409 441 475 477 480 499 509 531 541 772 912 1001 1243 1500 1706 1751 1822 2022 2291 2484 4960 7224
document_280 6 11 28 29 80 118 158 229 245 294 341 409 413 427 467 486 952 1225 1725 2709 5419 6703 7272 8727 8730
document_281 6 15 28 29 31 42 63 75 138 142 174 200 205 256 345 346 408 444 501 502 565 586 1124 1202 1734 3122 3135 3691 7320
document_282 6 15 18 26 27 28 31 33 42 63 64 75 80 81 83 103 107 118 134 142 150 158 159 174 176 180 185 208 239 252 255 286 312 355 387 405 499 507 530 561 586 617 723 781 782 847 1007 1033 1359 1497 1613 1720 1861 1877 1951 3105 3167 6389 7223
document_283 6 26 29 63 73 80 117 142 174 185 259 263 268 317 345 565 592 1229 1401 1482 1495 1720 1776 3087 4720
document_284 6 26 29 31 63 67 142 153 237 291 592 723 764 858 1005 1557 6930 6956
document_285 6 15 26 27 29 63 67 84 88 107 117 134 142 178 211 215 256 286 345 373 394 402 423 456 457 475 477 485 502 507 535 561 571 594 658 714 800 856 997 1011 1018 1080 1190 1309 1389 1880 1931 2202 2227 2322 2433 2526 2786 3277 3851 7838 9103
document_286 6 15 26 27 28 29 31 63 67 68 75 80 83 96 102 142 153 158 176 192 219 228 229 237 317 325 330 339 351 355 390 408 409 414 490 499 507 508 531 587 716 801 851 867 993 1001 1159 1294 1581 1679 1751 2022 2042 2282 2291 2629 4295 4960 7544
document_287 28 63 75 142 158 499 2022
document_288 6 11 15 28 29 31 64 80 128 159 199 205 245 255 256 304 346 505 685 856 1472 2227 3188 3360 8239 9179 9185
document_289 6 15 26 30 31 33 38 41 75 81 85 111 137 142 144 179 185 204 205 229 242 255 265 278 284 289 303 309 325 355 377 408 426 437 441 478 495 507 582 609 631 643 710 732 757 780 781 827 873 953 974 989 1009 1111 1126 1149 1150 1169 1227 1237 1431 1614 1620 1797 1822 1827 1858 2067 2081 2254 2838 3744 4213 4259 4419 4705 5452 7779 8046
document_290 4 6 15 26 27 29 30 51 57 63 64 67 75 83 92 97 134 142 153 158 174 176 192 199 205 218 221 229 265 286 291 303 308 317 322 327 346 363 373 377 387 391 408 437 480 508 527 541 579 732 743 1045 1057 1193 1241 1376 1591 1607 1767 2410 2581 2976 3050 3277 3552 5179 5229 7170 7341 7664
document_291 26 63 111 142 322 2581 7170
document_292 6 27 29 31 37 53 56 63 64 75 80 83 132 142 160 299 325 330 337 351 369 398 434 501 506 507 539 733 890 1007 1014 1149 1194 1411 1433 1455 1485 1486 1527 2340 2692 2771 4111 5357 5978 8373
document_293 6 10 27 28 29 31 37 38 42 53 63 75 80 81 83 96 132 142 172 185 190 199 229 242 243 299 314 327 337 369 387 411 414 422 432 462 473 478 493 495 509 574 586 609 641 644 658 667 719 727 730 731 733 796 799 856 882 890 908 965 966 1018 1031 1055 1068 1098 1149 1156 1169 1184 1227 1296 1308 1377 1395 1412 1437 1558 1583 1614 1654 1781 1862 1949 1951 2056 2102 2108 2154 2248 2537 2741 2771 2868 2924 2985 3353 3388 3999 4803 4822 5376 5677 5678 6109 6640 8876 9644
document_294 6 26 27 29 64 94 97 134 142 192 198 204 226 240 265 317 409 441 856 867 1057 4911 5710 9470 9591
document_295 6 15 26 27 41 63 64 94 97 134 142 176 192 198 204 226 265 317 337 387 441 599 1685 2270 4716 6333
document_296 6 12 27 29 31 60 63 65 67 110 132 142 172 174 179 215 218 232 274 275 285 394 422 426 442 448 478 591 643 647 655 663 674 719 856 890 966 1064 1113 1319 1377 1446 1468 1476 1816 2082 2220 2815 4720 4911 5658 6365 6483 6598 8737 8745
document_297 6 15 29 42 68 81 142 144 159 179 186 200 204 229 255 256 319 365 582 856 1627 2252 2419 3084 3374 3545 3778 7615
document_298 6 15 26 29 48 52 63 67 80 88 134 142 199 238 252 275 289 308 345 386 543 561 574 655 671 686 719 726 867 895 1010 1190 1380 1471 2017 7001 7546 8132
document_299 31 110 111 232 274 426 4720 4911
